            |  | Частота-3  |    коэф   | Макс Е -3    | Макс Магн |     ППЭ     | Экс Е        | Экс H       |  Экс ППЭ   |
75, 0, 25, 0, 3,  88,   2, 0, 126, 37, 0, 188, 138, 169, 53, 66, 15, 52, 115, 203, 112, 103, 220, 16,  92, 237, 76, 80, 254, 241, 9
75, 0, 25, 0, 1,  48, 111, 1, 235, 44, 0, 188, 138, 169, 53, 66, 15, 52, 115, 203, 112, 103, 220, 16,  92, 237, 76, 80, 254, 169, 10

 1  2   3  4  5    6    7  8    9  10  11  12   13   14  15  16  17  18   19   20   21   22   23  24   25   26  27  28   29   30  31 


75, 0, 25, 0, 3,  88,  2, 0, 126, 37, 0, 188, 138, 169, 53, 66, 15, 52, 115, 203, 112, 103, 220, 16,  92, 237, 48, 19, 208, 106, 9
Экспозиция по Н
75, 0, 25, 0, 3,  88,  2, 0, 126, 37, 0, 188, 138, 169, 53, 66, 15, 52, 115, 203, 112, 103, 220, 72, 143, 220, 76, 80, 254,  75, 10
Экспозиция по Н

Экспозиции по Е
75, 0, 25, 0, 3,  88,  2, 0, 126, 37, 0, 188, 138, 169, 53, 66, 15, 52, 115, 203, 168, 154, 203, 16,  92, 237, 76, 80, 254,  75, 10
Экспозиции по Е

ППЭ
75, 0, 25, 0, 3,  88,  2, 0, 126, 37, 0, 188, 138, 169, 53, 66, 15, 48, 236, 201, 112, 103, 220, 16,  92, 237, 76, 80, 254, 100, 10
ППЭ

Магнитное поле
75, 0, 25, 0, 3,  88,  2, 0, 126, 37, 0, 188, 138, 169,  5, 92, 12, 52, 115, 203, 112, 103, 220, 16,  92, 237, 76, 80, 254, 216, 9
Магнитное поле

Электрическое поле
75, 0, 25, 0, 3,  88,  2, 0, 126, 37, 0,   4, 245,  16, 53, 66, 15, 52, 115, 203, 112, 103, 220, 16,  92, 237, 76, 80, 254,  11, 9
Электрическое поле

Частота
75, 0, 25, 0, 3, 144, 95, 1, 126, 37, 0, 188, 138, 169, 53, 66, 15, 52, 115, 203, 112, 103, 220, 16,  92, 237, 76, 80, 254, 135, 10
75, 0, 25, 0, 3,  64, 13, 3, 126, 37, 0, 188, 138, 169, 53, 66, 15, 52, 115, 203, 112, 103, 220, 16,  92, 237, 76, 80, 254, 231, 9
Частота

2| Частота-3 |  - Частота установленная в приемнике 			\Рабочая частота
4| Макс Е -3 |  - Максимально допустимое значение Электрического поля	\Максимально допустимое значение напряженности электрического поля
5| Макс Магн |  - Максимальное допустимое значение магнитного поля	\Максимально допустимое значение напряженности магнитного поля 
6|     ППЭ   |  - ППЭ							\Максимально допустимое значение плотности потока электромагнитного поля
7| Экс Е     |  - Экспозиция по Е В/м 2*H				\Максимально допустимое значение экспозиции электрического поля
8| Экс H     |  - Экспозиции по H А/м 2*Н				\Максимально допустимое значение экспозиции магнитного поля
9|  Экс ППЭ  |  - Экспозиция по ППЭ мВТ см2*Н				\Максимально допустимое значение экспозиции потока энергии электромагнитного поля




экзист пружина 2300


